acc = 0.906288532675709
f1 = 0.8979841172877213
loss = 0.052999880159554785
recall = 0.8898305084745762
