acc = 0.9101514023330851
f1 = 0.902646153846154
loss = 0.05455624716451237
recall = 0.895263671875
