acc = 0.9188919391065635
f1 = 0.9050018434312401
loss = 0.05746771922290454
recall = 0.8915254237288136
