acc = 0.9035792549306063
f1 = 0.8960521550162985
loss = 0.0641357597039519
recall = 0.8886494252873564
