acc = 0.9079111554779137
f1 = 0.8979390349253363
loss = 0.052769943063027534
recall = 0.88818359375
