acc = 0.9015333013895543
f1 = 0.9007779772591263
loss = 0.056959857455184525
recall = 0.9000239177230328
