acc = 0.9093386177854843
f1 = 0.8989837149504102
loss = 0.05249489781246818
recall = 0.888861985472155
