acc = 0.9018181818181819
f1 = 0.899365367180417
loss = 0.049491039193781325
recall = 0.8969258589511754
