acc = 0.8927384907451352
f1 = 0.9054151624548736
loss = 20.292406255548652
recall = 0.91845703125
