acc = 0.9108910891089109
f1 = 0.9069918277338176
loss = 0.05230537351007007
recall = 0.9031258072849393
