acc = 0.8975431259801359
f1 = 0.8922956996232297
loss = 0.04823545430608276
recall = 0.8871092740893826
