acc = 0.907789371511769
f1 = 0.9127729657191656
loss = 18.128023927861992
recall = 0.9178115799803729
