acc = 0.8998082454458294
f1 = 0.8988387405722496
loss = 0.0536040125971254
recall = 0.8978713226500837
