acc = 0.9045066991473812
f1 = 0.9116130616253376
loss = 14.884636358781295
recall = 0.9188319722840881
