acc = 0.8999525841631105
f1 = 0.9090038314176246
loss = 17.5886494029652
recall = 0.9182389937106918
