acc = 0.9102844638949672
f1 = 0.90282131661442
loss = 0.057957618225042036
recall = 0.8954795503468069
