acc = 0.9155422288855573
f1 = 0.9049147937762411
loss = 0.052123043086778224
recall = 0.89453125
