acc = 0.8998302207130731
f1 = 0.8940836245330763
loss = 0.06077137404079244
recall = 0.8884099616858238
