acc = 0.9037108901285472
f1 = 0.8979395107844319
loss = 0.0625724570518445
recall = 0.8922413793103449
